{
 "cells": [
  {
   "cell_type": "markdown",
   "id": "8465aaa77f22ff17",
   "metadata": {
    "collapsed": false
   },
   "source": [
    "# Lab: Aprendizaje por refuerzo (II)\n",
    "# 5 - REINFORCE"
   ]
  },
  {
   "cell_type": "markdown",
   "id": "3188cf50fcc707d2",
   "metadata": {
    "collapsed": false
   },
   "source": [
    "## Configuración y dependencias"
   ]
  },
  {
   "cell_type": "code",
   "execution_count": 1,
   "id": "1dedd6635e56adae",
   "metadata": {
    "collapsed": false
   },
   "outputs": [],
   "source": [
    "# Declaración de constantes\n",
    "SLIPPERY = False\n",
    "TRAINING_EPISODES = 100\n",
    "NUM_EPISODES = 5\n",
    "GAMMA = 0.9\n",
    "T_MAX = 50\n",
    "LEARNING_RATE = 1.0\n",
    "LEARNING_RATE_DECAY = 0.99"
   ]
  },
  {
   "cell_type": "code",
   "execution_count": 2,
   "id": "1f3260f739ad6dc",
   "metadata": {
    "collapsed": false
   },
   "outputs": [
    {
     "name": "stdout",
     "output_type": "stream",
     "text": [
      "Defaulting to user installation because normal site-packages is not writeable\n",
      "Collecting gymnasium\n",
      "  Downloading gymnasium-1.1.1-py3-none-any.whl (965 kB)\n",
      "\u001b[2K     \u001b[90m━━━━━━━━━━━━━━━━━━━━━━━━━━━━━━━━━━━━━━\u001b[0m \u001b[32m965.4/965.4 kB\u001b[0m \u001b[31m18.1 MB/s\u001b[0m eta \u001b[36m0:00:00\u001b[0ma \u001b[36m0:00:01\u001b[0m\n",
      "\u001b[?25hCollecting seaborn\n",
      "  Downloading seaborn-0.13.2-py3-none-any.whl (294 kB)\n",
      "\u001b[2K     \u001b[90m━━━━━━━━━━━━━━━━━━━━━━━━━━━━━━━━━━━━━━\u001b[0m \u001b[32m294.9/294.9 kB\u001b[0m \u001b[31m89.0 MB/s\u001b[0m eta \u001b[36m0:00:00\u001b[0m\n",
      "\u001b[?25hCollecting numpy\n",
      "  Downloading numpy-2.2.4-cp311-cp311-manylinux_2_17_x86_64.manylinux2014_x86_64.whl (16.4 MB)\n",
      "\u001b[2K     \u001b[90m━━━━━━━━━━━━━━━━━━━━━━━━━━━━━━━━━━━━━━━━\u001b[0m \u001b[32m16.4/16.4 MB\u001b[0m \u001b[31m89.8 MB/s\u001b[0m eta \u001b[36m0:00:00\u001b[0m00:01\u001b[0m00:01\u001b[0m\n",
      "\u001b[?25hCollecting cloudpickle>=1.2.0\n",
      "  Downloading cloudpickle-3.1.1-py3-none-any.whl (20 kB)\n",
      "Requirement already satisfied: typing-extensions>=4.3.0 in /home2/users/alumnes/1291887/.local/lib/python3.11/site-packages (from gymnasium) (4.13.0)\n",
      "Collecting farama-notifications>=0.0.1\n",
      "  Downloading Farama_Notifications-0.0.4-py3-none-any.whl (2.5 kB)\n",
      "Collecting pandas>=1.2\n",
      "  Downloading pandas-2.2.3-cp311-cp311-manylinux_2_17_x86_64.manylinux2014_x86_64.whl (13.1 MB)\n",
      "\u001b[2K     \u001b[90m━━━━━━━━━━━━━━━━━━━━━━━━━━━━━━━━━━━━━━━━\u001b[0m \u001b[32m13.1/13.1 MB\u001b[0m \u001b[31m91.5 MB/s\u001b[0m eta \u001b[36m0:00:00\u001b[0ma \u001b[36m0:00:01\u001b[0m\n",
      "\u001b[?25hCollecting matplotlib!=3.6.1,>=3.4\n",
      "  Downloading matplotlib-3.10.1-cp311-cp311-manylinux_2_17_x86_64.manylinux2014_x86_64.whl (8.6 MB)\n",
      "\u001b[2K     \u001b[90m━━━━━━━━━━━━━━━━━━━━━━━━━━━━━━━━━━━━━━━━\u001b[0m \u001b[32m8.6/8.6 MB\u001b[0m \u001b[31m100.4 MB/s\u001b[0m eta \u001b[36m0:00:00\u001b[0ma \u001b[36m0:00:01\u001b[0m\n",
      "\u001b[?25hCollecting contourpy>=1.0.1\n",
      "  Downloading contourpy-1.3.1-cp311-cp311-manylinux_2_17_x86_64.manylinux2014_x86_64.whl (326 kB)\n",
      "\u001b[2K     \u001b[90m━━━━━━━━━━━━━━━━━━━━━━━━━━━━━━━━━━━━━\u001b[0m \u001b[32m326.2/326.2 kB\u001b[0m \u001b[31m101.9 MB/s\u001b[0m eta \u001b[36m0:00:00\u001b[0m\n",
      "\u001b[?25hCollecting cycler>=0.10\n",
      "  Downloading cycler-0.12.1-py3-none-any.whl (8.3 kB)\n",
      "Collecting fonttools>=4.22.0\n",
      "  Downloading fonttools-4.56.0-cp311-cp311-manylinux_2_17_x86_64.manylinux2014_x86_64.whl (4.9 MB)\n",
      "\u001b[2K     \u001b[90m━━━━━━━━━━━━━━━━━━━━━━━━━━━━━━━━━━━━━━━━\u001b[0m \u001b[32m4.9/4.9 MB\u001b[0m \u001b[31m101.7 MB/s\u001b[0m eta \u001b[36m0:00:00\u001b[0ma \u001b[36m0:00:01\u001b[0m\n",
      "\u001b[?25hCollecting kiwisolver>=1.3.1\n",
      "  Downloading kiwisolver-1.4.8-cp311-cp311-manylinux_2_17_x86_64.manylinux2014_x86_64.whl (1.4 MB)\n",
      "\u001b[2K     \u001b[90m━━━━━━━━━━━━━━━━━━━━━━━━━━━━━━━━━━━━━━━━\u001b[0m \u001b[32m1.4/1.4 MB\u001b[0m \u001b[31m102.4 MB/s\u001b[0m eta \u001b[36m0:00:00\u001b[0m\n",
      "\u001b[?25hRequirement already satisfied: packaging>=20.0 in /home2/users/alumnes/1291887/.local/lib/python3.11/site-packages (from matplotlib!=3.6.1,>=3.4->seaborn) (24.2)\n",
      "Collecting pillow>=8\n",
      "  Downloading pillow-11.1.0-cp311-cp311-manylinux_2_28_x86_64.whl (4.5 MB)\n",
      "\u001b[2K     \u001b[90m━━━━━━━━━━━━━━━━━━━━━━━━━━━━━━━━━━━━━━━━\u001b[0m \u001b[32m4.5/4.5 MB\u001b[0m \u001b[31m101.3 MB/s\u001b[0m eta \u001b[36m0:00:00\u001b[0ma \u001b[36m0:00:01\u001b[0m\n",
      "\u001b[?25hCollecting pyparsing>=2.3.1\n",
      "  Downloading pyparsing-3.2.3-py3-none-any.whl (111 kB)\n",
      "\u001b[2K     \u001b[90m━━━━━━━━━━━━━━━━━━━━━━━━━━━━━━━━━━━━━━\u001b[0m \u001b[32m111.1/111.1 kB\u001b[0m \u001b[31m47.6 MB/s\u001b[0m eta \u001b[36m0:00:00\u001b[0m\n",
      "\u001b[?25hRequirement already satisfied: python-dateutil>=2.7 in /home2/users/alumnes/1291887/.local/lib/python3.11/site-packages (from matplotlib!=3.6.1,>=3.4->seaborn) (2.9.0.post0)\n",
      "Collecting pytz>=2020.1\n",
      "  Downloading pytz-2025.2-py2.py3-none-any.whl (509 kB)\n",
      "\u001b[2K     \u001b[90m━━━━━━━━━━━━━━━━━━━━━━━━━━━━━━━━━━━━━\u001b[0m \u001b[32m509.2/509.2 kB\u001b[0m \u001b[31m106.5 MB/s\u001b[0m eta \u001b[36m0:00:00\u001b[0m\n",
      "\u001b[?25hCollecting tzdata>=2022.7\n",
      "  Downloading tzdata-2025.2-py2.py3-none-any.whl (347 kB)\n",
      "\u001b[2K     \u001b[90m━━━━━━━━━━━━━━━━━━━━━━━━━━━━━━━━━━━━━\u001b[0m \u001b[32m347.8/347.8 kB\u001b[0m \u001b[31m111.7 MB/s\u001b[0m eta \u001b[36m0:00:00\u001b[0m\n",
      "\u001b[?25hRequirement already satisfied: six>=1.5 in /home2/users/alumnes/1291887/.local/lib/python3.11/site-packages (from python-dateutil>=2.7->matplotlib!=3.6.1,>=3.4->seaborn) (1.17.0)\n",
      "Installing collected packages: pytz, farama-notifications, tzdata, pyparsing, pillow, numpy, kiwisolver, fonttools, cycler, cloudpickle, pandas, gymnasium, contourpy, matplotlib, seaborn\n",
      "Successfully installed cloudpickle-3.1.1 contourpy-1.3.1 cycler-0.12.1 farama-notifications-0.0.4 fonttools-4.56.0 gymnasium-1.1.1 kiwisolver-1.4.8 matplotlib-3.10.1 numpy-2.2.4 pandas-2.2.3 pillow-11.1.0 pyparsing-3.2.3 pytz-2025.2 seaborn-0.13.2 tzdata-2025.2\n"
     ]
    }
   ],
   "source": [
    "!pip install gymnasium seaborn numpy"
   ]
  },
  {
   "cell_type": "code",
   "execution_count": 3,
   "id": "c0c3c67488dc7e97",
   "metadata": {
    "collapsed": false
   },
   "outputs": [],
   "source": [
    "# Imports necesarios\n",
    "import gymnasium as gym\n",
    "import seaborn as sns\n",
    "import matplotlib.pyplot as plt\n",
    "import pandas as pd\n",
    "import numpy as np\n",
    "from gymnasium import Wrapper"
   ]
  },
  {
   "cell_type": "markdown",
   "metadata": {
    "collapsed": false
   },
   "source": [
    "Vamos a crear dos entornos de FrozenLake, los dos con slippery=False. La diferencia es que `env_fast` no cargará la UI, por lo que funcionará más rápido y nos permitirá hacer entrenamientos de muchos episodios."
   ]
  },
  {
   "cell_type": "code",
   "execution_count": 4,
   "id": "58c077599208fc72",
   "metadata": {
    "collapsed": false
   },
   "outputs": [],
   "source": [
    "class CustomFrozenLakeWrapper(Wrapper):\n",
    "    def __init__(self, env):\n",
    "        super().__init__(env)\n",
    "    \n",
    "    def step(self, action):\n",
    "        state, reward, is_done, truncated, info = self.env.step(action)\n",
    "        if is_done and reward < 1:\n",
    "            reward = -0.2\n",
    "        if not is_done:\n",
    "            reward = reward - 0.01\n",
    "        return state, reward, is_done, truncated, info\n",
    "\n",
    "env = CustomFrozenLakeWrapper(gym.make(\"FrozenLake-v1\", desc=None, map_name=\"4x4\",\n",
    "                                       render_mode='human', is_slippery=SLIPPERY))\n",
    "env_fast = CustomFrozenLakeWrapper(gym.make(\"FrozenLake-v1\", desc=None, map_name=\"4x4\",\n",
    "                                            is_slippery=SLIPPERY))"
   ]
  },
  {
   "cell_type": "markdown",
   "metadata": {
    "collapsed": false
   },
   "source": [
    "Declaramos una función auxiliar para dibujar gráficas de métricas de rendimiento. También copiamos `print_policy` de notebooks anteriores."
   ]
  },
  {
   "cell_type": "code",
   "execution_count": 5,
   "id": "f6ddf75fd54d5f08",
   "metadata": {
    "collapsed": false
   },
   "outputs": [],
   "source": [
    "def draw_history(history, title):\n",
    "    window_size = 50\n",
    "    data = pd.DataFrame({'Episode': range(1, len(history) + 1), title: history})\n",
    "    data['rolling_avg'] = data[title].rolling(window_size).mean()\n",
    "    plt.figure(figsize=(10, 6))\n",
    "    sns.lineplot(x='Episode', y=title, data=data)\n",
    "    sns.lineplot(x='Episode', y='rolling_avg', data=data)\n",
    "\n",
    "    plt.title(title + ' Over Episodes')\n",
    "    plt.xlabel('Episode')\n",
    "    plt.ylabel(title)\n",
    "    plt.grid(True)\n",
    "    plt.tight_layout()\n",
    "\n",
    "    plt.show()\n",
    "\n",
    "def print_policy(policy):\n",
    "    visual_help = {0:'<', 1:'v', 2:'>', 3:'^'}\n",
    "    policy_arrows = [visual_help[x] for x in policy]\n",
    "    print(np.array(policy_arrows).reshape([-1, 4]))"
   ]
  },
  {
   "cell_type": "markdown",
   "id": "3683992032c613d6",
   "metadata": {
    "collapsed": false
   },
   "source": [
    "## REINFORCE\n",
    "\n",
    "Vamos a ver brevemente una implementación para el entorno FrozenLake-v1 usando el algoritmo REINFORCE. Recordad que es un algoritmo basado en gradiente de política, por lo que necesitaremos una representación de la política que permita extraer gradientes."
   ]
  },
  {
   "cell_type": "code",
   "execution_count": 6,
   "metadata": {
    "collapsed": false
   },
   "outputs": [],
   "source": [
    "class ReinforceAgent:\n",
    "    def __init__(self, env, gamma, learning_rate, lr_decay=1, seed=0):\n",
    "        self.env = env\n",
    "        self.gamma = gamma # Puntuacion que le damos a las recompensas del estado futuro\n",
    "        self.learning_rate = learning_rate\n",
    "        self.lr_decay = lr_decay\n",
    "        # Objeto que representa la política (J(theta)) como una matriz estados X acciones,\n",
    "        # con una probabilidad inicial para cada par estado accion igual a: pi(a|s) = 1/|A|\n",
    "        self.policy_table = np.ones((self.env.observation_space.n, self.env.action_space.n)) / self.env.action_space.n\n",
    "        np.random.seed(seed)\n",
    "\n",
    "    def select_action(self, state, training=True):\n",
    "        action_probabilities = self.policy_table[state]\n",
    "        if training:\n",
    "            # Escogemos la acción según el vector de policy_table correspondiente a la acción,\n",
    "            # con una distribución de probabilidad igual a los valores actuales de este vector\n",
    "            return np.random.choice(np.arange(self.env.action_space.n), p=action_probabilities)\n",
    "        else:\n",
    "            return np.argmax(action_probabilities)\n",
    "\n",
    "    def update_policy(self, episode):\n",
    "        states, actions, rewards = episode\n",
    "        discounted_rewards = np.zeros_like(rewards)\n",
    "        running_add = 0\n",
    "        for t in reversed(range(len(rewards))):\n",
    "            running_add = running_add * self.gamma + rewards[t]\n",
    "            discounted_rewards[t] = running_add\n",
    "        loss = -np.sum(np.log(self.policy_table[states, actions]) * discounted_rewards) / len(states)\n",
    "        policy_logits = np.log(self.policy_table)\n",
    "        for t in range(len(states)):\n",
    "            G_t = discounted_rewards[t]\n",
    "            action_probs = np.exp(policy_logits[states[t]])\n",
    "            action_probs /= np.sum(action_probs)\n",
    "            policy_gradient = G_t * (1 - action_probs[actions[t]])\n",
    "            policy_logits[states[t], actions[t]] += self.learning_rate * policy_gradient\n",
    "            # Alternativa:\n",
    "            # policy_gradient = 1.0 / action_probs[actions[t]]\n",
    "            # policy_logits[states[t], actions[t]] += self.learning_rate * G_t * policy_gradient\n",
    "        exp_logits = np.exp(policy_logits)\n",
    "        self.policy_table = exp_logits / np.sum(exp_logits, axis=1, keepdims=True)\n",
    "        return loss\n",
    "\n",
    "    def learn_from_episode(self):\n",
    "        state, _ = self.env.reset()\n",
    "        episode = []\n",
    "        done = False\n",
    "        step = 0\n",
    "        total_reward = 0\n",
    "        while not done and step < T_MAX:\n",
    "            action = self.select_action(state)\n",
    "            next_state, reward, done, terminated, _ = self.env.step(action)\n",
    "            episode.append((state, action, reward))\n",
    "            state = next_state\n",
    "            total_reward = total_reward + reward\n",
    "            step = step + 1\n",
    "        loss = self.update_policy(zip(*episode))\n",
    "        self.learning_rate = self.learning_rate * self.lr_decay\n",
    "        return total_reward, loss\n",
    "\n",
    "    def policy(self):\n",
    "        policy = np.zeros(env.observation_space.n)\n",
    "        for s in range(env.observation_space.n):\n",
    "            action_probabilities = self.policy_table[s]\n",
    "            policy[s] = np.argmax(action_probabilities)\n",
    "        return policy, self.policy_table"
   ]
  },
  {
   "cell_type": "markdown",
   "id": "b52e5cc2500aee9d",
   "metadata": {
    "collapsed": false
   },
   "source": [
    "Para esta implementación sencilla hemos escogido una representación de la J(theta) que se asemeja mucho a una estructura matricial para almacenar la función Q, es decir, una matriz indexada por estados y acciones. Sin embargo, algorítmicamente no estamos haciendo Q-Learning por los siguientes motivos:\n",
    "\n",
    "* Q-Learning estima los valores de los nodos estado-acción del grafo MDP, sin embargo en esta implementación estamos estimando directamente la probabilidad de cada acción para cada estado. La diferencia es importante porque en el primer caso necesitamos un paso más para derivar la política (i.e. calcular la Q máxima).\n",
    "* En Q-Learning, estábamos usando el método de diferencias temporales (TD) derivando la función de error de la ecuación de Bellman. En el caso de REINFORCE, estamos usando la fórmula de actualización basada en el gradiente de la política que vimos en teoría.\n",
    "* En Q-Learning, necésitabamos una política que garantizara exploración. En el caso de REINFORCE, observad que estamos partiendo de una distribución de probabilidad que comienza uniforme y se irá sesgando con el paso de los episodios.\n",
    "* Q-Learning nos **obliga** a calcular la función Q. En REINFORCE, podríamos haber optado por una representación para la política totalmente diferente, incluso una que no se asemeje en absoluto a esta matriz. Por ejemplo, podríamos estar usando una red neuronal, o incluso representaciones de preferencias entre acciones (Softmax policy) o distribuciones gaussianas (Gaussian policy). Si queréis profundizar en las diferentes maneras de formalizar la política y en qué casos puede funcionar mejor cada una, os recomendamos que leáis el libro de Reinforcement Learning de Sutton&Barto que está listado en la bibliografía de la asignatura."
   ]
  },
  {
   "cell_type": "markdown",
   "metadata": {
    "collapsed": false
   },
   "source": [
    "Vamos a entrenar nuestro agente con el algoritmo REINFORCE. En el output, podréis ver, tras cada episodio (trayectoria), el vector de probabilidades de cada acción para cada estado, que comienzan distribuidas uniformemente (25%). Observad cómo van variando los valores mientras observáis la trayectoria del agente.\n",
    "\n",
    "**¿Cuáles diríais que son los factores que están influyendo más en la variación de estas probabilidades?** Os puede ser útil revisar el método `update_policy` y relacionarlo con la fórmula de la función de pérdida de REINFORCE vista en el material de teoría."
   ]
  },
  {
   "cell_type": "code",
   "execution_count": 10,
   "id": "ef4d6580cc5cdab7",
   "metadata": {
    "collapsed": false
   },
   "outputs": [
    {
     "name": "stdout",
     "output_type": "stream",
     "text": [
      "[[0.23743049 0.25246243 0.2159642  0.29414287]\n",
      " [0.31453171 0.22848943 0.22848943 0.22848943]\n",
      " [0.25       0.25       0.25       0.25      ]\n",
      " [0.25       0.25       0.25       0.25      ]\n",
      " [0.21767252 0.34698245 0.21767252 0.21767252]\n",
      " [0.25       0.25       0.25       0.25      ]\n",
      " [0.25       0.25       0.25       0.25      ]\n",
      " [0.25       0.25       0.25       0.25      ]\n",
      " [0.21308924 0.21308924 0.36073227 0.21308924]\n",
      " [0.20790622 0.37628134 0.20790622 0.20790622]\n",
      " [0.25       0.25       0.25       0.25      ]\n",
      " [0.25       0.25       0.25       0.25      ]\n",
      " [0.25       0.25       0.25       0.25      ]\n",
      " [0.20204641 0.20204641 0.39386076 0.20204641]\n",
      " [0.19542701 0.19542701 0.41371898 0.19542701]\n",
      " [0.25       0.25       0.25       0.25      ]]\n",
      "Last reward: 0.89, last loss: 0.7732374605637055, new lr: 0.99\n",
      "[['^' '<' '<' '<']\n",
      " ['v' '<' '<' '<']\n",
      " ['>' 'v' '<' '<']\n",
      " ['<' '>' '>' '<']]\n",
      "End of iteration [1/100]\n",
      "[[0.26221842 0.27881971 0.20639326 0.25256861]\n",
      " [0.32505323 0.20268133 0.23613272 0.23613272]\n",
      " [0.25       0.25       0.25       0.25      ]\n",
      " [0.25       0.25       0.25       0.25      ]\n",
      " [0.21767252 0.34698245 0.21767252 0.21767252]\n",
      " [0.25       0.25       0.25       0.25      ]\n",
      " [0.25       0.25       0.25       0.25      ]\n",
      " [0.25       0.25       0.25       0.25      ]\n",
      " [0.21308924 0.21308924 0.36073227 0.21308924]\n",
      " [0.20790622 0.37628134 0.20790622 0.20790622]\n",
      " [0.25       0.25       0.25       0.25      ]\n",
      " [0.25       0.25       0.25       0.25      ]\n",
      " [0.25       0.25       0.25       0.25      ]\n",
      " [0.20204641 0.20204641 0.39386076 0.20204641]\n",
      " [0.19542701 0.19542701 0.41371898 0.19542701]\n",
      " [0.25       0.25       0.25       0.25      ]]\n",
      "Last reward: -0.23, last loss: -0.2548797341777147, new lr: 0.9801\n",
      "[['v' '<' '<' '<']\n",
      " ['v' '<' '<' '<']\n",
      " ['>' 'v' '<' '<']\n",
      " ['<' '>' '>' '<']]\n",
      "End of iteration [2/100]\n",
      "[[0.27653164 0.23945401 0.21765926 0.26635509]\n",
      " [0.32505323 0.20268133 0.23613272 0.23613272]\n",
      " [0.25       0.25       0.25       0.25      ]\n",
      " [0.25       0.25       0.25       0.25      ]\n",
      " [0.21610085 0.31705506 0.24621037 0.22063372]\n",
      " [0.25       0.25       0.25       0.25      ]\n",
      " [0.25       0.25       0.25       0.25      ]\n",
      " [0.25       0.25       0.25       0.25      ]\n",
      " [0.18159334 0.20497739 0.40348257 0.20994669]\n",
      " [0.20790622 0.37628134 0.20790622 0.20790622]\n",
      " [0.25       0.25       0.25       0.25      ]\n",
      " [0.25       0.25       0.25       0.25      ]\n",
      " [0.25       0.25       0.25       0.25      ]\n",
      " [0.20204641 0.20204641 0.39386076 0.20204641]\n",
      " [0.19542701 0.19542701 0.41371898 0.19542701]\n",
      " [0.25       0.25       0.25       0.25      ]]\n",
      "Last reward: -0.29000000000000004, last loss: -0.230633020636159, new lr: 0.9702989999999999\n",
      "[['<' '<' '<' '<']\n",
      " ['v' '<' '<' '<']\n",
      " ['>' 'v' '<' '<']\n",
      " ['<' '>' '>' '<']]\n",
      "End of iteration [3/100]\n",
      "[[0.27451736 0.18695409 0.24217407 0.29635448]\n",
      " [0.32505323 0.20268133 0.23613272 0.23613272]\n",
      " [0.25       0.25       0.25       0.25      ]\n",
      " [0.25       0.25       0.25       0.25      ]\n",
      " [0.23521781 0.30692319 0.26799091 0.18986809]\n",
      " [0.25       0.25       0.25       0.25      ]\n",
      " [0.25       0.25       0.25       0.25      ]\n",
      " [0.25       0.25       0.25       0.25      ]\n",
      " [0.1895584  0.21396812 0.37731809 0.21915539]\n",
      " [0.21425303 0.38776819 0.21425303 0.18372575]\n",
      " [0.25       0.25       0.25       0.25      ]\n",
      " [0.25       0.25       0.25       0.25      ]\n",
      " [0.25       0.25       0.25       0.25      ]\n",
      " [0.20204641 0.20204641 0.39386076 0.20204641]\n",
      " [0.19542701 0.19542701 0.41371898 0.19542701]\n",
      " [0.25       0.25       0.25       0.25      ]]\n",
      "Last reward: -0.28, last loss: -0.22685103464362022, new lr: 0.96059601\n",
      "[['^' '<' '<' '<']\n",
      " ['v' '<' '<' '<']\n",
      " ['>' 'v' '<' '<']\n",
      " ['<' '>' '>' '<']]\n",
      "End of iteration [4/100]\n",
      "[[0.28145388 0.16641    0.24829334 0.30384278]\n",
      " [0.32505323 0.20268133 0.23613272 0.23613272]\n",
      " [0.25       0.25       0.25       0.25      ]\n",
      " [0.25       0.25       0.25       0.25      ]\n",
      " [0.24412071 0.28069052 0.27813426 0.19705452]\n",
      " [0.25       0.25       0.25       0.25      ]\n",
      " [0.25       0.25       0.25       0.25      ]\n",
      " [0.25       0.25       0.25       0.25      ]\n",
      " [0.19541908 0.18966596 0.38898384 0.22593113]\n",
      " [0.21425303 0.38776819 0.21425303 0.18372575]\n",
      " [0.25       0.25       0.25       0.25      ]\n",
      " [0.25       0.25       0.25       0.25      ]\n",
      " [0.25       0.25       0.25       0.25      ]\n",
      " [0.20204641 0.20204641 0.39386076 0.20204641]\n",
      " [0.19542701 0.19542701 0.41371898 0.19542701]\n",
      " [0.25       0.25       0.25       0.25      ]]\n",
      "Last reward: -0.22, last loss: -0.2787743715363916, new lr: 0.9509900498999999\n",
      "[['^' '<' '<' '<']\n",
      " ['v' '<' '<' '<']\n",
      " ['>' 'v' '<' '<']\n",
      " ['<' '>' '>' '<']]\n",
      "End of iteration [5/100]\n",
      "[[0.31026612 0.18344527 0.19924405 0.30704456]\n",
      " [0.32897814 0.21445149 0.25464137 0.201929  ]\n",
      " [0.22545968 0.25818011 0.25818011 0.25818011]\n",
      " [0.25       0.25       0.25       0.25      ]\n",
      " [0.24412071 0.28069052 0.27813426 0.19705452]\n",
      " [0.25       0.25       0.25       0.25      ]\n",
      " [0.25       0.25       0.25       0.25      ]\n",
      " [0.25       0.25       0.25       0.25      ]\n",
      " [0.19541908 0.18966596 0.38898384 0.22593113]\n",
      " [0.21425303 0.38776819 0.21425303 0.18372575]\n",
      " [0.25       0.25       0.25       0.25      ]\n",
      " [0.25       0.25       0.25       0.25      ]\n",
      " [0.25       0.25       0.25       0.25      ]\n",
      " [0.20204641 0.20204641 0.39386076 0.20204641]\n",
      " [0.19542701 0.19542701 0.41371898 0.19542701]\n",
      " [0.25       0.25       0.25       0.25      ]]\n",
      "Last reward: -0.31, last loss: -0.2199253699309771, new lr: 0.9414801494009999\n",
      "[['<' '<' 'v' '<']\n",
      " ['v' '<' '<' '<']\n",
      " ['>' 'v' '<' '<']\n",
      " ['<' '>' '>' '<']]\n",
      "End of iteration [6/100]\n",
      "[[0.32349294 0.20035092 0.20061786 0.27553828]\n",
      " [0.28769602 0.22764482 0.27030723 0.21435193]\n",
      " [0.22545968 0.25818011 0.25818011 0.25818011]\n",
      " [0.25       0.25       0.25       0.25      ]\n",
      " [0.25306621 0.29097608 0.25168237 0.20427534]\n",
      " [0.25       0.25       0.25       0.25      ]\n",
      " [0.25       0.25       0.25       0.25      ]\n",
      " [0.25       0.25       0.25       0.25      ]\n",
      " [0.19541908 0.18966596 0.38898384 0.22593113]\n",
      " [0.21425303 0.38776819 0.21425303 0.18372575]\n",
      " [0.25       0.25       0.25       0.25      ]\n",
      " [0.25       0.25       0.25       0.25      ]\n",
      " [0.25       0.25       0.25       0.25      ]\n",
      " [0.20204641 0.20204641 0.39386076 0.20204641]\n",
      " [0.19542701 0.19542701 0.41371898 0.19542701]\n",
      " [0.25       0.25       0.25       0.25      ]]\n",
      "Last reward: -0.3, last loss: -0.21174023789186097, new lr: 0.9320653479069899\n",
      "[['<' '<' 'v' '<']\n",
      " ['v' '<' '<' '<']\n",
      " ['>' 'v' '<' '<']\n",
      " ['<' '>' '>' '<']]\n",
      "End of iteration [7/100]\n",
      "[[0.33229262 0.20580088 0.178873   0.2830335 ]\n",
      " [0.29675459 0.20332599 0.27881828 0.22110114]\n",
      " [0.22545968 0.25818011 0.25818011 0.25818011]\n",
      " [0.25       0.25       0.25       0.25      ]\n",
      " [0.25306621 0.29097608 0.25168237 0.20427534]\n",
      " [0.25       0.25       0.25       0.25      ]\n",
      " [0.25       0.25       0.25       0.25      ]\n",
      " [0.25       0.25       0.25       0.25      ]\n",
      " [0.19541908 0.18966596 0.38898384 0.22593113]\n",
      " [0.21425303 0.38776819 0.21425303 0.18372575]\n",
      " [0.25       0.25       0.25       0.25      ]\n",
      " [0.25       0.25       0.25       0.25      ]\n",
      " [0.25       0.25       0.25       0.25      ]\n",
      " [0.20204641 0.20204641 0.39386076 0.20204641]\n",
      " [0.19542701 0.19542701 0.41371898 0.19542701]\n",
      " [0.25       0.25       0.25       0.25      ]]\n",
      "Last reward: -0.21000000000000002, last loss: -0.3006004397700443, new lr: 0.92274469442792\n",
      "[['<' '<' 'v' '<']\n",
      " ['v' '<' '<' '<']\n",
      " ['>' 'v' '<' '<']\n",
      " ['<' '>' '>' '<']]\n",
      "End of iteration [8/100]\n",
      "[[0.3172148  0.24183778 0.17075661 0.27019081]\n",
      " [0.29675459 0.20332599 0.27881828 0.22110114]\n",
      " [0.22545968 0.25818011 0.25818011 0.25818011]\n",
      " [0.25       0.25       0.25       0.25      ]\n",
      " [0.32291372 0.31229184 0.20136151 0.16343294]\n",
      " [0.25       0.25       0.25       0.25      ]\n",
      " [0.25       0.25       0.25       0.25      ]\n",
      " [0.25       0.25       0.25       0.25      ]\n",
      " [0.14921633 0.14482341 0.53344582 0.17251444]\n",
      " [0.24407756 0.45153932 0.16386554 0.14051758]\n",
      " [0.25       0.25       0.25       0.25      ]\n",
      " [0.25       0.25       0.25       0.25      ]\n",
      " [0.25       0.25       0.25       0.25      ]\n",
      " [0.16572473 0.16572473 0.5028258  0.16572473]\n",
      " [0.12830716 0.2484339  0.49495179 0.12830716]\n",
      " [0.25       0.25       0.25       0.25      ]]\n",
      "Last reward: 0.9, last loss: 0.6876772904956611, new lr: 0.9135172474836407\n",
      "[['<' '<' 'v' '<']\n",
      " ['<' '<' '<' '<']\n",
      " ['>' 'v' '<' '<']\n",
      " ['<' '>' '>' '<']]\n",
      "End of iteration [9/100]\n",
      "[[0.29120282 0.22200681 0.1947077  0.29208268]\n",
      " [0.27816318 0.1905878  0.32399966 0.20724936]\n",
      " [0.18235161 0.33987049 0.26896204 0.20881586]\n",
      " [0.26829361 0.16914879 0.23780091 0.3247567 ]\n",
      " [0.32291372 0.31229184 0.20136151 0.16343294]\n",
      " [0.25       0.25       0.25       0.25      ]\n",
      " [0.21189376 0.36431873 0.21189376 0.21189376]\n",
      " [0.25       0.25       0.25       0.25      ]\n",
      " [0.14921633 0.14482341 0.53344582 0.17251444]\n",
      " [0.24407756 0.45153932 0.16386554 0.14051758]\n",
      " [0.20661101 0.38016698 0.20661101 0.20661101]\n",
      " [0.25       0.25       0.25       0.25      ]\n",
      " [0.25       0.25       0.25       0.25      ]\n",
      " [0.16572473 0.16572473 0.5028258  0.16572473]\n",
      " [0.0994503  0.19256001 0.60853939 0.0994503 ]\n",
      " [0.25       0.25       0.25       0.25      ]]\n",
      "Last reward: 0.89, last loss: 0.7178909970771769, new lr: 0.9043820750088043\n",
      "[['^' '>' 'v' '^']\n",
      " ['<' '<' 'v' '<']\n",
      " ['>' 'v' 'v' '<']\n",
      " ['<' '>' '>' '<']]\n",
      "End of iteration [10/100]\n",
      "[[0.30459812 0.2322191  0.18363209 0.2795507 ]\n",
      " [0.3018544  0.20682021 0.28904129 0.2022841 ]\n",
      " [0.17048523 0.35741157 0.25251014 0.21959307]\n",
      " [0.29488484 0.16032349 0.26136994 0.28342173]\n",
      " [0.32291372 0.31229184 0.20136151 0.16343294]\n",
      " [0.25       0.25       0.25       0.25      ]\n",
      " [0.21189376 0.36431873 0.21189376 0.21189376]\n",
      " [0.25       0.25       0.25       0.25      ]\n",
      " [0.14921633 0.14482341 0.53344582 0.17251444]\n",
      " [0.24407756 0.45153932 0.16386554 0.14051758]\n",
      " [0.20661101 0.38016698 0.20661101 0.20661101]\n",
      " [0.25       0.25       0.25       0.25      ]\n",
      " [0.25       0.25       0.25       0.25      ]\n",
      " [0.16572473 0.16572473 0.5028258  0.16572473]\n",
      " [0.0994503  0.19256001 0.60853939 0.0994503 ]\n",
      " [0.25       0.25       0.25       0.25      ]]\n",
      "Last reward: -0.29000000000000004, last loss: -0.22670860060736833, new lr: 0.8953382542587163\n",
      "[['<' '<' 'v' '<']\n",
      " ['<' '<' 'v' '<']\n",
      " ['>' 'v' 'v' '<']\n",
      " ['<' '>' '>' '<']]\n",
      "End of iteration [11/100]\n",
      "[[0.29717932 0.2691981  0.18913509 0.24448748]\n",
      " [0.31142951 0.20084452 0.28808166 0.19964431]\n",
      " [0.151446   0.36561496 0.25830581 0.22463322]\n",
      " [0.29488484 0.16032349 0.26136994 0.28342173]\n",
      " [0.32806535 0.31727402 0.20457395 0.15008668]\n",
      " [0.25       0.25       0.25       0.25      ]\n",
      " [0.21189376 0.36431873 0.21189376 0.21189376]\n",
      " [0.25       0.25       0.25       0.25      ]\n",
      " [0.14921633 0.14482341 0.53344582 0.17251444]\n",
      " [0.24407756 0.45153932 0.16386554 0.14051758]\n",
      " [0.20661101 0.38016698 0.20661101 0.20661101]\n",
      " [0.25       0.25       0.25       0.25      ]\n",
      " [0.25       0.25       0.25       0.25      ]\n",
      " [0.16572473 0.16572473 0.5028258  0.16572473]\n",
      " [0.0994503  0.19256001 0.60853939 0.0994503 ]\n",
      " [0.25       0.25       0.25       0.25      ]]\n",
      "Last reward: -0.35, last loss: -0.2158706714432146, new lr: 0.8863848717161291\n",
      "[['<' '<' 'v' '<']\n",
      " ['<' '<' 'v' '<']\n",
      " ['>' 'v' 'v' '<']\n",
      " ['<' '>' '>' '<']]\n",
      "End of iteration [12/100]\n",
      "[[0.29794648 0.27286267 0.18521279 0.24397805]\n",
      " [0.31991702 0.17906482 0.29593286 0.2050853 ]\n",
      " [0.151446   0.36561496 0.25830581 0.22463322]\n",
      " [0.29488484 0.16032349 0.26136994 0.28342173]\n",
      " [0.31318638 0.33297915 0.2147004  0.13913406]\n",
      " [0.25       0.25       0.25       0.25      ]\n",
      " [0.21189376 0.36431873 0.21189376 0.21189376]\n",
      " [0.25       0.25       0.25       0.25      ]\n",
      " [0.14921633 0.14482341 0.53344582 0.17251444]\n",
      " [0.24407756 0.45153932 0.16386554 0.14051758]\n",
      " [0.20661101 0.38016698 0.20661101 0.20661101]\n",
      " [0.25       0.25       0.25       0.25      ]\n",
      " [0.25       0.25       0.25       0.25      ]\n",
      " [0.16572473 0.16572473 0.5028258  0.16572473]\n",
      " [0.0994503  0.19256001 0.60853939 0.0994503 ]\n",
      " [0.25       0.25       0.25       0.25      ]]\n",
      "Last reward: -0.26, last loss: -0.2561357735657926, new lr: 0.8775210229989678\n",
      "[['<' '<' 'v' '<']\n",
      " ['v' '<' 'v' '<']\n",
      " ['>' 'v' 'v' '<']\n",
      " ['<' '>' '>' '<']]\n",
      "End of iteration [13/100]\n",
      "[[0.28025435 0.31604025 0.17421482 0.22949058]\n",
      " [0.31991702 0.17906482 0.29593286 0.2050853 ]\n",
      " [0.151446   0.36561496 0.25830581 0.22463322]\n",
      " [0.29488484 0.16032349 0.26136994 0.28342173]\n",
      " [0.28962024 0.38317006 0.19854497 0.12866473]\n",
      " [0.25       0.25       0.25       0.25      ]\n",
      " [0.21189376 0.36431873 0.21189376 0.21189376]\n",
      " [0.25       0.25       0.25       0.25      ]\n",
      " [0.13544471 0.13145723 0.57650549 0.15659257]\n",
      " [0.19725743 0.50020333 0.18897642 0.11356282]\n",
      " [0.2763023  0.34677312 0.18846229 0.18846229]\n",
      " [0.25       0.25       0.25       0.25      ]\n",
      " [0.25       0.25       0.25       0.25      ]\n",
      " [0.14042604 0.14042604 0.57872189 0.14042604]\n",
      " [0.05582906 0.32845283 0.55988904 0.05582906]\n",
      " [0.25       0.25       0.25       0.25      ]]\n",
      "Last reward: 0.91, last loss: 0.7087953936865181, new lr: 0.8687458127689781\n",
      "[['v' '<' 'v' '<']\n",
      " ['v' '<' 'v' '<']\n",
      " ['>' 'v' 'v' '<']\n",
      " ['<' '>' '>' '<']]\n",
      "End of iteration [14/100]\n",
      "[[0.28440419 0.2885168  0.19510772 0.23197128]\n",
      " [0.31991702 0.17906482 0.29593286 0.2050853 ]\n",
      " [0.151446   0.36561496 0.25830581 0.22463322]\n",
      " [0.29488484 0.16032349 0.26136994 0.28342173]\n",
      " [0.30567591 0.36563409 0.2095517  0.11913829]\n",
      " [0.25       0.25       0.25       0.25      ]\n",
      " [0.21189376 0.36431873 0.21189376 0.21189376]\n",
      " [0.25       0.25       0.25       0.25      ]\n",
      " [0.13798553 0.11516413 0.58732022 0.15953011]\n",
      " [0.19725743 0.50020333 0.18897642 0.11356282]\n",
      " [0.2763023  0.34677312 0.18846229 0.18846229]\n",
      " [0.25       0.25       0.25       0.25      ]\n",
      " [0.25       0.25       0.25       0.25      ]\n",
      " [0.14042604 0.14042604 0.57872189 0.14042604]\n",
      " [0.05582906 0.32845283 0.55988904 0.05582906]\n",
      " [0.25       0.25       0.25       0.25      ]]\n",
      "Last reward: -0.26, last loss: -0.2528004154241228, new lr: 0.8600583546412883\n",
      "[['v' '<' 'v' '<']\n",
      " ['v' '<' 'v' '<']\n",
      " ['>' 'v' 'v' '<']\n",
      " ['<' '>' '>' '<']]\n",
      "End of iteration [15/100]\n",
      "[[0.34851853 0.30656061 0.15757441 0.18734645]\n",
      " [0.31991702 0.17906482 0.29593286 0.2050853 ]\n",
      " [0.151446   0.36561496 0.25830581 0.22463322]\n",
      " [0.29488484 0.16032349 0.26136994 0.28342173]\n",
      " [0.27522204 0.42883468 0.1886745  0.10726879]\n",
      " [0.25       0.25       0.25       0.25      ]\n",
      " [0.21189376 0.36431873 0.21189376 0.21189376]\n",
      " [0.25       0.25       0.25       0.25      ]\n",
      " [0.12249156 0.1022327  0.63365878 0.14161696]\n",
      " [0.15196617 0.50341139 0.25713419 0.08748825]\n",
      " [0.22555897 0.46673919 0.15385092 0.15385092]\n",
      " [0.25       0.25       0.25       0.25      ]\n",
      " [0.25       0.25       0.25       0.25      ]\n",
      " [0.12818261 0.12818261 0.52826443 0.21537036]\n",
      " [0.0443927  0.26117055 0.65004406 0.0443927 ]\n",
      " [0.25       0.25       0.25       0.25      ]]\n",
      "Last reward: 0.91, last loss: 0.6838507658928077, new lr: 0.8514577710948754\n",
      "[['<' '<' 'v' '<']\n",
      " ['v' '<' 'v' '<']\n",
      " ['>' 'v' 'v' '<']\n",
      " ['<' '>' '>' '<']]\n",
      "End of iteration [16/100]\n",
      "[[0.35565872 0.31284119 0.14031543 0.19118466]\n",
      " [0.32756969 0.15942741 0.30301181 0.2099911 ]\n",
      " [0.151446   0.36561496 0.25830581 0.22463322]\n",
      " [0.29488484 0.16032349 0.26136994 0.28342173]\n",
      " [0.27522204 0.42883468 0.1886745  0.10726879]\n",
      " [0.25       0.25       0.25       0.25      ]\n",
      " [0.21189376 0.36431873 0.21189376 0.21189376]\n",
      " [0.25       0.25       0.25       0.25      ]\n",
      " [0.12249156 0.1022327  0.63365878 0.14161696]\n",
      " [0.15196617 0.50341139 0.25713419 0.08748825]\n",
      " [0.22555897 0.46673919 0.15385092 0.15385092]\n",
      " [0.25       0.25       0.25       0.25      ]\n",
      " [0.25       0.25       0.25       0.25      ]\n",
      " [0.12818261 0.12818261 0.52826443 0.21537036]\n",
      " [0.0443927  0.26117055 0.65004406 0.0443927 ]\n",
      " [0.25       0.25       0.25       0.25      ]]\n",
      "Last reward: -0.21000000000000002, last loss: -0.34754720226681013, new lr: 0.8429431933839266\n",
      "[['<' '<' 'v' '<']\n",
      " ['v' '<' 'v' '<']\n",
      " ['>' 'v' 'v' '<']\n",
      " ['<' '>' '>' '<']]\n",
      "End of iteration [17/100]\n",
      "[[0.452954   0.30753979 0.10137679 0.13812941]\n",
      " [0.32756969 0.15942741 0.30301181 0.2099911 ]\n",
      " [0.151446   0.36561496 0.25830581 0.22463322]\n",
      " [0.29488484 0.16032349 0.26136994 0.28342173]\n",
      " [0.30258673 0.46483692 0.14827579 0.08430056]\n",
      " [0.25       0.25       0.25       0.25      ]\n",
      " [0.21189376 0.36431873 0.21189376 0.21189376]\n",
      " [0.25       0.25       0.25       0.25      ]\n",
      " [0.10620347 0.0886385  0.68237232 0.12278571]\n",
      " [0.12689278 0.58534515 0.21470879 0.07305328]\n",
      " [0.22555897 0.46673919 0.15385092 0.15385092]\n",
      " [0.25       0.25       0.25       0.25      ]\n",
      " [0.25       0.25       0.25       0.25      ]\n",
      " [0.10469769 0.10469769 0.61469325 0.17591138]\n",
      " [0.03629698 0.21354192 0.71386412 0.03629698]\n",
      " [0.25       0.25       0.25       0.25      ]]\n",
      "Last reward: 0.91, last loss: 0.4824163086953348, new lr: 0.8345137614500874\n",
      "[['<' '<' 'v' '<']\n",
      " ['v' '<' 'v' '<']\n",
      " ['>' 'v' 'v' '<']\n",
      " ['<' '>' '>' '<']]\n",
      "End of iteration [18/100]\n",
      "[[0.4354973  0.31231562 0.11384123 0.13834585]\n",
      " [0.32756969 0.15942741 0.30301181 0.2099911 ]\n",
      " [0.151446   0.36561496 0.25830581 0.22463322]\n",
      " [0.29488484 0.16032349 0.26136994 0.28342173]\n",
      " [0.31447914 0.44380367 0.1541034  0.08761378]\n",
      " [0.25       0.25       0.25       0.25      ]\n",
      " [0.21189376 0.36431873 0.21189376 0.21189376]\n",
      " [0.25       0.25       0.25       0.25      ]\n",
      " [0.10754862 0.07709541 0.69101508 0.12434089]\n",
      " [0.12689278 0.58534515 0.21470879 0.07305328]\n",
      " [0.22555897 0.46673919 0.15385092 0.15385092]\n",
      " [0.25       0.25       0.25       0.25      ]\n",
      " [0.25       0.25       0.25       0.25      ]\n",
      " [0.10469769 0.10469769 0.61469325 0.17591138]\n",
      " [0.03629698 0.21354192 0.71386412 0.03629698]\n",
      " [0.25       0.25       0.25       0.25      ]]\n",
      "Last reward: -0.25, last loss: -0.23775880344085107, new lr: 0.8261686238355865\n",
      "[['<' '<' 'v' '<']\n",
      " ['v' '<' 'v' '<']\n",
      " ['>' 'v' 'v' '<']\n",
      " ['<' '>' '>' '<']]\n",
      "End of iteration [19/100]\n",
      "[[0.39205643 0.32218767 0.12899472 0.15676117]\n",
      " [0.32756969 0.15942741 0.30301181 0.2099911 ]\n",
      " [0.151446   0.36561496 0.25830581 0.22463322]\n",
      " [0.29488484 0.16032349 0.26136994 0.28342173]\n",
      " [0.32602653 0.42338064 0.15976194 0.09083088]\n",
      " [0.25       0.25       0.25       0.25      ]\n",
      " [0.21189376 0.36431873 0.21189376 0.21189376]\n",
      " [0.25       0.25       0.25       0.25      ]\n",
      " [0.11118617 0.07970296 0.68056449 0.12854638]\n",
      " [0.128223   0.59148136 0.21695959 0.06333605]\n",
      " [0.22555897 0.46673919 0.15385092 0.15385092]\n",
      " [0.25       0.25       0.25       0.25      ]\n",
      " [0.25       0.25       0.25       0.25      ]\n",
      " [0.10469769 0.10469769 0.61469325 0.17591138]\n",
